5.001592e+002,1.631171e+001
5.011234e+002,1.816950e+001
5.020877e+002,2.029881e+001
5.030519e+002,2.349868e+001
5.040161e+002,2.536360e+001
5.049804e+002,2.460054e+001
5.059446e+002,2.318840e+001
5.069088e+002,2.460328e+001
5.078731e+002,2.576701e+001
5.088373e+002,2.701545e+001
5.098015e+002,2.831246e+001
5.107658e+002,2.977152e+001
5.117300e+002,3.143726e+001
5.126943e+002,3.319645e+001
5.136585e+002,3.499464e+001
5.146227e+002,3.678512e+001
5.155870e+002,3.860766e+001
5.165512e+002,4.042647e+001
5.175154e+002,4.216150e+001
5.184797e+002,4.381992e+001
5.194439e+002,4.551836e+001
5.204081e+002,4.763076e+001
5.213724e+002,5.046790e+001
5.223366e+002,5.404454e+001
5.233008e+002,5.816486e+001
5.242651e+002,6.313781e+001
5.252293e+002,6.975569e+001
5.261935e+002,7.856570e+001
5.271578e+002,8.954871e+001
5.281220e+002,1.022498e+002
5.290862e+002,1.160444e+002
5.300505e+002,1.300377e+002
5.310147e+002,1.432155e+002
5.319789e+002,1.547195e+002
5.329432e+002,1.637801e+002
5.339074e+002,1.700398e+002
5.348716e+002,1.726724e+002
5.358359e+002,1.708838e+002
5.368001e+002,1.645794e+002
5.377643e+002,1.545365e+002
5.387286e+002,1.418241e+002
5.396928e+002,1.272304e+002
5.406570e+002,1.113670e+002
5.416213e+002,9.503780e+001
5.425855e+002,7.927163e+001
5.435497e+002,6.501680e+001
5.445140e+002,5.292503e+001
5.454782e+002,4.336913e+001
5.464424e+002,3.633894e+001
5.474067e+002,3.152105e+001
5.483709e+002,2.814758e+001
5.493351e+002,2.570294e+001
5.502994e+002,2.380091e+001
5.512636e+002,2.204984e+001
5.522278e+002,2.027590e+001
5.531921e+002,1.837033e+001
5.541563e+002,1.624237e+001
5.551205e+002,1.390814e+001
5.560848e+002,1.144838e+001
5.570490e+002,9.033765e+000
5.580132e+002,7.059923e+000
5.589775e+002,5.870709e+000
5.599417e+002,5.357093e+000
5.609059e+002,5.083545e+000
5.618702e+002,4.801188e+000
5.628344e+002,4.526289e+000
5.637986e+002,4.272873e+000
5.647629e+002,4.077274e+000
5.657271e+002,4.118440e+000
5.666913e+002,4.443460e+000
5.676556e+002,4.890080e+000
5.686198e+002,5.250557e+000
5.695840e+002,5.403847e+000
5.705483e+002,5.383136e+000
5.715125e+002,5.335054e+000
5.724767e+002,5.326870e+000
5.734410e+002,5.364825e+000
5.744052e+002,5.478545e+000
5.753694e+002,5.440842e+000
5.763337e+002,5.110412e+000
5.772979e+002,4.661264e+000
5.782621e+002,4.350865e+000
5.792264e+002,4.316837e+000
5.801906e+002,4.511093e+000
5.811548e+002,4.827266e+000
5.821191e+002,5.179637e+000
5.830833e+002,5.477199e+000
5.840475e+002,5.653073e+000
5.850118e+002,5.763436e+000
5.859760e+002,5.961326e+000
5.869402e+002,6.296655e+000
5.879045e+002,6.600220e+000
5.888687e+002,6.536327e+000
5.898329e+002,6.122969e+000
5.907972e+002,5.684485e+000
5.917614e+002,5.385787e+000
5.927256e+002,5.356729e+000
5.936899e+002,5.676373e+000
5.946541e+002,6.242670e+000
5.956183e+002,6.875276e+000
5.965826e+002,7.469601e+000
5.975468e+002,8.049719e+000
5.985110e+002,8.701609e+000
5.994753e+002,9.432457e+000
6.004395e+002,1.012049e+001
6.014037e+002,1.065878e+001
6.023680e+002,1.103370e+001
6.033322e+002,1.126735e+001
6.042964e+002,1.139949e+001
6.052607e+002,1.157553e+001
6.062249e+002,1.203187e+001
6.071891e+002,1.265493e+001
6.081534e+002,1.308585e+001
6.091176e+002,1.318947e+001
6.100818e+002,1.320162e+001
6.110461e+002,1.351171e+001
6.120103e+002,1.417259e+001
6.129745e+002,1.491120e+001
6.139388e+002,1.553420e+001
6.149030e+002,1.612687e+001
6.158672e+002,1.685727e+001
6.168315e+002,1.787729e+001
6.177957e+002,1.958203e+001
6.187599e+002,2.224429e+001
6.197242e+002,2.558492e+001
6.206884e+002,2.900975e+001
6.216526e+002,3.212262e+001
6.226169e+002,3.476022e+001
6.235811e+002,3.693789e+001
6.245453e+002,3.849657e+001
6.255096e+002,3.901338e+001
6.264738e+002,3.828984e+001
6.274380e+002,3.658994e+001
6.284023e+002,3.438625e+001
6.293665e+002,3.209744e+001
6.303307e+002,3.013171e+001
6.312950e+002,2.898559e+001
6.322592e+002,2.870764e+001
6.332234e+002,2.897290e+001
6.341877e+002,2.962292e+001
6.351519e+002,3.076057e+001
6.361161e+002,3.239854e+001
6.370804e+002,3.441539e+001
6.380446e+002,3.660316e+001
6.390089e+002,3.875578e+001
6.399731e+002,4.071242e+001
6.409373e+002,4.234112e+001
6.419016e+002,4.372593e+001
6.428658e+002,4.494326e+001
6.438300e+002,4.597905e+001
6.447943e+002,4.677169e+001
6.457585e+002,4.723946e+001
6.467227e+002,4.730015e+001
6.476870e+002,4.688120e+001
6.486512e+002,4.608213e+001
6.496154e+002,4.499868e+001
6.505797e+002,4.368787e+001
6.515439e+002,4.214741e+001
6.525081e+002,4.013162e+001
6.534724e+002,3.741148e+001
6.544366e+002,3.417168e+001
6.554008e+002,3.087697e+001
6.563651e+002,2.779775e+001
6.573293e+002,2.498681e+001
6.582935e+002,2.237683e+001
6.592578e+002,2.011964e+001
6.602220e+002,1.838521e+001
6.611862e+002,1.709750e+001
6.621505e+002,1.609826e+001
6.631147e+002,1.528133e+001
6.640789e+002,1.460262e+001
6.650432e+002,1.405948e+001
6.660074e+002,1.352936e+001
6.669716e+002,1.289710e+001
6.679359e+002,1.222832e+001
6.689001e+002,1.153019e+001
6.698643e+002,1.081021e+001
6.708286e+002,1.005267e+001
6.717928e+002,9.387488e+000
6.727570e+002,9.168230e+000
6.737213e+002,9.439209e+000
6.746855e+002,9.860912e+000
6.756497e+002,1.007058e+001
6.766140e+002,1.009414e+001
6.775782e+002,1.019161e+001
6.785424e+002,1.053675e+001
6.795067e+002,1.104948e+001
6.804709e+002,1.154175e+001
6.814351e+002,1.188833e+001
6.823994e+002,1.198692e+001
6.833636e+002,1.187306e+001
6.843278e+002,1.181694e+001
6.852921e+002,1.207690e+001
6.862563e+002,1.263469e+001
6.872205e+002,1.320770e+001
6.881848e+002,1.361718e+001
6.891490e+002,1.364839e+001
6.901132e+002,1.329922e+001
6.910775e+002,1.265938e+001
6.920417e+002,1.179333e+001
6.930059e+002,1.075747e+001
6.939702e+002,9.584150e+000
6.949344e+002,8.219863e+000
6.958986e+002,6.832697e+000
6.968629e+002,5.875196e+000
6.978271e+002,5.765659e+000
6.987913e+002,6.415100e+000
6.997556e+002,7.474988e+000
7.007198e+002,8.634452e+000
7.016840e+002,9.660326e+000
7.026483e+002,1.025709e+001
7.036125e+002,1.047294e+001
7.045767e+002,1.055408e+001
7.055410e+002,1.064230e+001
7.065052e+002,1.065794e+001
7.074694e+002,1.055227e+001
7.084337e+002,1.039521e+001
7.093979e+002,1.043131e+001
7.103621e+002,1.080962e+001
7.113264e+002,1.148021e+001
7.122906e+002,1.226858e+001
7.132548e+002,1.295672e+001
7.142191e+002,1.342969e+001
7.151833e+002,1.362611e+001
7.161475e+002,1.358375e+001
7.171118e+002,1.341659e+001
7.180760e+002,1.328719e+001
7.190402e+002,1.330645e+001
7.200045e+002,1.338199e+001
7.209687e+002,1.341689e+001
7.219329e+002,1.336285e+001
7.228972e+002,1.325240e+001
7.238614e+002,1.322392e+001
7.248256e+002,1.340196e+001
7.257899e+002,1.384057e+001
7.267541e+002,1.449546e+001
7.277183e+002,1.531668e+001
7.286826e+002,1.620118e+001
7.296468e+002,1.705490e+001
7.306110e+002,1.808845e+001
7.315753e+002,1.953214e+001
7.325395e+002,2.160062e+001
7.335037e+002,2.430977e+001
7.344680e+002,2.752591e+001
7.354322e+002,3.111495e+001
7.363964e+002,3.496377e+001
7.373607e+002,3.893558e+001
7.383249e+002,4.285473e+001
7.392891e+002,4.644670e+001
7.402534e+002,4.908817e+001
7.412176e+002,5.002185e+001
7.421818e+002,4.894553e+001
7.431461e+002,4.608247e+001
7.441103e+002,4.197322e+001
7.450745e+002,3.711171e+001
7.460388e+002,3.214605e+001
7.470030e+002,2.758090e+001
7.479672e+002,2.355181e+001
7.489315e+002,2.015965e+001
7.498957e+002,1.762162e+001
7.508599e+002,1.612964e+001
7.518242e+002,1.569360e+001
7.527884e+002,1.598529e+001
7.537526e+002,1.649106e+001
7.547169e+002,1.662489e+001
7.556811e+002,1.623306e+001
7.566453e+002,1.543283e+001
7.576096e+002,1.446667e+001
7.585738e+002,1.360060e+001
7.595380e+002,1.296433e+001
7.605023e+002,1.250267e+001
7.614665e+002,1.203251e+001
7.624307e+002,1.158327e+001
7.633950e+002,1.132012e+001
7.643592e+002,1.128217e+001
7.653234e+002,1.135652e+001
7.662877e+002,1.151141e+001
7.672519e+002,1.185868e+001
7.682161e+002,1.224702e+001
7.691804e+002,1.251426e+001
7.701446e+002,1.249436e+001
7.711088e+002,1.222709e+001
7.720731e+002,1.196430e+001
7.730373e+002,1.188484e+001
7.740015e+002,1.198572e+001
7.749658e+002,1.210586e+001
7.759300e+002,1.208131e+001
7.768942e+002,1.210144e+001
7.778585e+002,1.226754e+001
7.788227e+002,1.257533e+001
7.797869e+002,1.311461e+001
7.807512e+002,1.398317e+001
7.817154e+002,1.497545e+001
7.826796e+002,1.569926e+001
7.836439e+002,1.590411e+001
7.846081e+002,1.571223e+001
7.855723e+002,1.538323e+001
7.865366e+002,1.488415e+001
7.875008e+002,1.400222e+001
7.884650e+002,1.274779e+001
7.894293e+002,1.141810e+001
7.903935e+002,1.042087e+001
7.913577e+002,9.741215e+000
7.923220e+002,9.209961e+000
7.932862e+002,8.809318e+000
7.942504e+002,8.642164e+000
7.952147e+002,8.674226e+000
7.961789e+002,8.859681e+000
7.971431e+002,9.190052e+000
7.981074e+002,9.580626e+000
7.990716e+002,9.831049e+000
8.000358e+002,9.789736e+000
8.010001e+002,9.511772e+000
8.019643e+002,9.210157e+000
8.029285e+002,9.049180e+000
8.038928e+002,9.033198e+000
8.048570e+002,9.102251e+000
8.058212e+002,9.195379e+000
8.067855e+002,9.426762e+000
8.077497e+002,9.865770e+000
8.087139e+002,1.041886e+001
8.096782e+002,1.096226e+001
8.106424e+002,1.134830e+001
8.116066e+002,1.140703e+001
8.125709e+002,1.108440e+001
8.135351e+002,1.047260e+001
8.144993e+002,9.753151e+000
8.154636e+002,9.079892e+000
8.164278e+002,8.655592e+000
8.173920e+002,8.469265e+000
8.183563e+002,8.356801e+000
8.193205e+002,8.191761e+000
8.202847e+002,8.024827e+000
8.212490e+002,7.906509e+000
8.222132e+002,7.820657e+000
8.231774e+002,7.703851e+000
8.241417e+002,7.493224e+000
8.251059e+002,7.193847e+000
8.260701e+002,6.892336e+000
8.270344e+002,6.647127e+000
8.279986e+002,6.526274e+000
8.289628e+002,6.569128e+000
8.299271e+002,6.661577e+000
8.308913e+002,6.540328e+000
8.318555e+002,6.191657e+000
8.328198e+002,5.910928e+000
8.337840e+002,5.962004e+000
8.347482e+002,6.070251e+000
8.357125e+002,5.942814e+000
8.366767e+002,5.578508e+000
8.376409e+002,5.151426e+000
8.386052e+002,4.794887e+000
8.395694e+002,4.488446e+000
8.405336e+002,4.184421e+000
8.414979e+002,3.954541e+000
8.424621e+002,3.865084e+000
8.434263e+002,3.865427e+000
8.443906e+002,3.853474e+000
8.453548e+002,3.823965e+000
8.463190e+002,4.006312e+000
8.472833e+002,4.396705e+000
8.482475e+002,4.656601e+000
8.492117e+002,4.758123e+000
8.501760e+002,4.912726e+000
8.511402e+002,5.077184e+000
8.521044e+002,5.025619e+000
8.530687e+002,4.667542e+000
8.540329e+002,4.156170e+000
8.549971e+002,3.736905e+000
8.559614e+002,3.521100e+000
8.569256e+002,3.485330e+000
8.578898e+002,3.429031e+000
8.588541e+002,3.212726e+000
8.598183e+002,2.986744e+000
8.607825e+002,2.854590e+000
8.617468e+002,2.858220e+000
8.627110e+002,2.981568e+000
8.636752e+002,3.181583e+000
8.646395e+002,3.270357e+000
8.656037e+002,3.207226e+000
8.665679e+002,3.165496e+000
8.675322e+002,3.298047e+000
8.684964e+002,3.649095e+000
8.694606e+002,4.203860e+000
8.704249e+002,4.886930e+000
8.713891e+002,5.502242e+000
8.723533e+002,5.849305e+000
8.733176e+002,5.818603e+000
8.742818e+002,5.426692e+000
8.752460e+002,4.932703e+000
8.762103e+002,4.532609e+000
8.771745e+002,4.318717e+000
8.781387e+002,4.315637e+000
8.791030e+002,4.581722e+000
8.800672e+002,4.881541e+000
8.810314e+002,4.997271e+000
8.819957e+002,4.965740e+000
8.829599e+002,4.915384e+000
8.839241e+002,4.904103e+000
8.848884e+002,4.925411e+000
8.858526e+002,4.964175e+000
8.868168e+002,4.885505e+000
8.877811e+002,4.683549e+000
8.887453e+002,4.556453e+000
8.897095e+002,4.574077e+000
8.906738e+002,4.704055e+000
8.916380e+002,4.915912e+000
8.926022e+002,5.131514e+000
8.935665e+002,5.134583e+000
8.945307e+002,5.008842e+000
8.954949e+002,5.058267e+000
8.964592e+002,5.246709e+000
8.974234e+002,5.385391e+000
8.983876e+002,5.404399e+000
8.993519e+002,5.325356e+000
9.003161e+002,5.071952e+000
9.012803e+002,4.643426e+000
9.022446e+002,4.098361e+000
9.032088e+002,3.523903e+000
9.041730e+002,2.988067e+000
9.051373e+002,2.574471e+000
9.061015e+002,2.326175e+000
9.070657e+002,2.317711e+000
9.080300e+002,2.564647e+000
9.089942e+002,2.960491e+000
9.099584e+002,3.226005e+000
9.109227e+002,3.276166e+000
9.118869e+002,3.207510e+000
9.128511e+002,3.086607e+000
9.138154e+002,2.918590e+000
9.147796e+002,2.725306e+000
9.157438e+002,2.541918e+000
9.167081e+002,2.416173e+000
9.176723e+002,2.452735e+000
9.186365e+002,2.794904e+000
9.196008e+002,3.449241e+000
9.205650e+002,4.243747e+000
9.215292e+002,5.008851e+000
9.224935e+002,5.644421e+000
9.234577e+002,6.117770e+000
9.244219e+002,6.430666e+000
9.253862e+002,6.634789e+000
9.263504e+002,6.723518e+000
9.273146e+002,6.581864e+000
9.282789e+002,6.124320e+000
9.292431e+002,5.428845e+000
9.302073e+002,4.834121e+000
9.311716e+002,4.629150e+000
9.321358e+002,4.747934e+000
9.331000e+002,4.931422e+000
9.340643e+002,5.023014e+000
9.350285e+002,5.136796e+000
9.359927e+002,5.374182e+000
9.369570e+002,5.669897e+000
9.379212e+002,5.973183e+000
9.388854e+002,6.289494e+000
9.398497e+002,6.559409e+000
9.408139e+002,6.660018e+000
9.417781e+002,6.493506e+000
9.427424e+002,6.159980e+000
9.437066e+002,5.898252e+000
9.446708e+002,5.703194e+000
9.456351e+002,5.398078e+000
9.465993e+002,4.973873e+000
9.475635e+002,4.570612e+000
9.485278e+002,4.418926e+000
9.494920e+002,4.575455e+000
9.504562e+002,4.920385e+000
9.514205e+002,5.357422e+000
9.523847e+002,5.840467e+000
9.533489e+002,6.318806e+000
9.543132e+002,6.728446e+000
9.552774e+002,6.914123e+000
9.562416e+002,6.795193e+000
9.572059e+002,6.381007e+000
9.581701e+002,6.124581e+000
9.591343e+002,6.447423e+000
9.600986e+002,7.035322e+000
9.610628e+002,7.477249e+000
9.620270e+002,7.666905e+000
9.629913e+002,7.759118e+000
9.639555e+002,7.808964e+000
9.649197e+002,7.764649e+000
9.658840e+002,7.615176e+000
9.668482e+002,7.354527e+000
9.678124e+002,6.984644e+000
9.687767e+002,6.495945e+000
9.697409e+002,5.880937e+000
9.707051e+002,5.289461e+000
9.716694e+002,5.228859e+000
9.726336e+002,5.743882e+000
9.735978e+002,6.289536e+000
9.745621e+002,6.654794e+000
9.755263e+002,6.959266e+000
9.764905e+002,7.399495e+000
9.774548e+002,7.966028e+000
9.784190e+002,8.528494e+000
9.793832e+002,8.901245e+000
9.803475e+002,8.908346e+000
9.813117e+002,8.633047e+000
9.822759e+002,8.180739e+000
9.832402e+002,7.580690e+000
9.842044e+002,6.914929e+000
9.851686e+002,6.370578e+000
9.861329e+002,6.000415e+000
9.870971e+002,5.759403e+000
9.880613e+002,5.752405e+000
9.890256e+002,6.138330e+000
9.899898e+002,6.940988e+000
9.909540e+002,7.908062e+000
9.919183e+002,8.680700e+000
9.928825e+002,9.164095e+000
9.938467e+002,9.497468e+000
9.948110e+002,9.877653e+000
9.957752e+002,1.021425e+001
9.967394e+002,1.031587e+001
9.977037e+002,1.044320e+001
9.986679e+002,1.085991e+001
9.996321e+002,1.158879e+001
1.000596e+003,1.260761e+001
1.001561e+003,1.401864e+001
1.002525e+003,1.584875e+001
1.003489e+003,1.792555e+001
1.004453e+003,1.991035e+001
1.005418e+003,2.164694e+001
1.006382e+003,2.321052e+001
1.007346e+003,2.458273e+001
1.008310e+003,2.564891e+001
1.009274e+003,2.599737e+001
1.010239e+003,2.541450e+001
1.011203e+003,2.427794e+001
1.012167e+003,2.288739e+001
1.013131e+003,2.132548e+001
1.014096e+003,1.980757e+001
1.015060e+003,1.860691e+001
1.016024e+003,1.774809e+001
1.016988e+003,1.709210e+001
1.017953e+003,1.651166e+001
1.018917e+003,1.601209e+001
1.019881e+003,1.562888e+001
1.020845e+003,1.536501e+001
1.021810e+003,1.513206e+001
1.022774e+003,1.464371e+001
1.023738e+003,1.393702e+001
1.024702e+003,1.332135e+001
1.025667e+003,1.285701e+001
1.026631e+003,1.247309e+001
1.027595e+003,1.237562e+001
1.028559e+003,1.273478e+001
1.029523e+003,1.349303e+001
1.030488e+003,1.427660e+001
1.031452e+003,1.483552e+001
1.032416e+003,1.535667e+001
1.033380e+003,1.608559e+001
1.034345e+003,1.713478e+001
1.035309e+003,1.836576e+001
1.036273e+003,1.959524e+001
1.037237e+003,2.122113e+001
1.038202e+003,2.373253e+001
1.039166e+003,2.659312e+001
1.040130e+003,2.858050e+001
1.041094e+003,2.886108e+001
1.042058e+003,2.864828e+001
1.043023e+003,2.889710e+001
1.043987e+003,2.980513e+001
1.044951e+003,3.156579e+001
1.045915e+003,3.464530e+001
1.046880e+003,3.964828e+001
1.047844e+003,4.671614e+001
1.048808e+003,5.581034e+001
1.049772e+003,6.690997e+001
1.050737e+003,8.012567e+001
1.051701e+003,9.483499e+001
1.052665e+003,1.093935e+002
1.053629e+003,1.219737e+002
1.054594e+003,1.320493e+002
1.055558e+003,1.404937e+002
1.056522e+003,1.469986e+002
1.057486e+003,1.510595e+002
1.058450e+003,1.523785e+002
1.059415e+003,1.511542e+002
1.060379e+003,1.478357e+002
1.061343e+003,1.426941e+002
1.062307e+003,1.363092e+002
1.063272e+003,1.294329e+002
1.064236e+003,1.226843e+002
1.065200e+003,1.163902e+002
1.066164e+003,1.107808e+002
1.067129e+003,1.060792e+002
1.068093e+003,1.027421e+002
1.069057e+003,1.010017e+002
1.070021e+003,1.007704e+002
1.070985e+003,1.019550e+002
1.071950e+003,1.047449e+002
1.072914e+003,1.093947e+002
1.073878e+003,1.156155e+002
1.074842e+003,1.229868e+002
1.075807e+003,1.308895e+002
1.076771e+003,1.379403e+002
1.077735e+003,1.426792e+002
1.078699e+003,1.446723e+002
1.079664e+003,1.445824e+002
1.080628e+003,1.431004e+002
1.081592e+003,1.405830e+002
1.082556e+003,1.373816e+002
1.083521e+003,1.345425e+002
1.084485e+003,1.335859e+002
1.085449e+003,1.356027e+002
1.086413e+003,1.408324e+002
1.087377e+003,1.485817e+002
1.088342e+003,1.575409e+002
1.089306e+003,1.659727e+002
1.090270e+003,1.714190e+002
1.091234e+003,1.722976e+002
1.092199e+003,1.686473e+002
1.093163e+003,1.610592e+002
1.094127e+003,1.497738e+002
1.095091e+003,1.351373e+002
1.096056e+003,1.181768e+002
1.097020e+003,1.007959e+002
1.097984e+003,8.459341e+001
1.098948e+003,7.030333e+001
1.099912e+003,5.828146e+001
1.100877e+003,4.855877e+001
1.101841e+003,4.104063e+001
1.102805e+003,3.553544e+001
1.103769e+003,3.122726e+001
1.104734e+003,2.745891e+001
1.105698e+003,2.410963e+001
1.106662e+003,2.139088e+001
1.107626e+003,1.930700e+001
1.108591e+003,1.758467e+001
1.109555e+003,1.604890e+001
1.110519e+003,1.485226e+001
1.111483e+003,1.402589e+001
1.112448e+003,1.341583e+001
1.113412e+003,1.294104e+001
1.114376e+003,1.260420e+001
1.115340e+003,1.250488e+001
1.116304e+003,1.259282e+001
1.117269e+003,1.266578e+001
1.118233e+003,1.261575e+001
1.119197e+003,1.249156e+001
1.120161e+003,1.248501e+001
1.121126e+003,1.253362e+001
1.122090e+003,1.247608e+001
1.123054e+003,1.226690e+001
1.124018e+003,1.189192e+001
1.124983e+003,1.130967e+001
1.125947e+003,1.053187e+001
1.126911e+003,9.717155e+000
1.127875e+003,8.995852e+000
1.128839e+003,8.408865e+000
1.129804e+003,7.951473e+000
1.130768e+003,7.622197e+000
1.131732e+003,7.374777e+000
1.132696e+003,7.049049e+000
1.133661e+003,6.667842e+000
1.134625e+003,6.469442e+000
1.135589e+003,6.555303e+000
1.136553e+003,6.861655e+000
1.137518e+003,7.256611e+000
1.138482e+003,7.592194e+000
1.139446e+003,7.772038e+000
1.140410e+003,7.851625e+000
1.141375e+003,7.923541e+000
1.142339e+003,7.985653e+000
1.143303e+003,7.982029e+000
1.144267e+003,7.831446e+000
1.145231e+003,7.508387e+000
1.146196e+003,7.098382e+000
1.147160e+003,6.847362e+000
1.148124e+003,6.872169e+000
1.149088e+003,6.996834e+000
1.150053e+003,7.124135e+000
1.151017e+003,7.261857e+000
1.151981e+003,7.249628e+000
1.152945e+003,6.925223e+000
1.153910e+003,6.327919e+000
1.154874e+003,5.686371e+000
1.155838e+003,5.136862e+000
1.156802e+003,4.823291e+000
1.157766e+003,4.877410e+000
1.158731e+003,5.337660e+000
1.159695e+003,6.088427e+000
1.160659e+003,6.974648e+000
1.161623e+003,7.806454e+000
1.162588e+003,8.538888e+000
1.163552e+003,9.425169e+000
1.164516e+003,1.066815e+001
1.165480e+003,1.221351e+001
1.166445e+003,1.403304e+001
1.167409e+003,1.622165e+001
1.168373e+003,1.891339e+001
1.169337e+003,2.206599e+001
1.170302e+003,2.570827e+001
1.171266e+003,2.982650e+001
1.172230e+003,3.398109e+001
1.173194e+003,3.757114e+001
1.174158e+003,4.015555e+001
1.175123e+003,4.140285e+001
1.176087e+003,4.124389e+001
1.177051e+003,3.993195e+001
1.178015e+003,3.774715e+001
1.178980e+003,3.482953e+001
1.179944e+003,3.127702e+001
1.180908e+003,2.723039e+001
1.181872e+003,2.322003e+001
1.182837e+003,1.980940e+001
1.183801e+003,1.719365e+001
1.184765e+003,1.532663e+001
1.185729e+003,1.391199e+001
1.186693e+003,1.278646e+001
1.187658e+003,1.187680e+001
1.188622e+003,1.116941e+001
1.189586e+003,1.065866e+001
1.190550e+003,1.038010e+001
1.191515e+003,1.030512e+001
1.192479e+003,1.029993e+001
1.193443e+003,1.026757e+001
1.194407e+003,1.023531e+001
1.195372e+003,1.036880e+001
1.196336e+003,1.051191e+001
1.197300e+003,1.038317e+001
1.198264e+003,1.002808e+001
1.199229e+003,9.571582e+000
1.200193e+003,9.125452e+000
1.201157e+003,8.711671e+000
1.202121e+003,8.312505e+000
1.203085e+003,7.848951e+000
1.204050e+003,7.341357e+000
1.205014e+003,6.845180e+000
1.205978e+003,6.406281e+000
1.206942e+003,6.056168e+000
1.207907e+003,5.718976e+000
1.208871e+003,5.417520e+000
1.209835e+003,5.324821e+000
1.210799e+003,5.460647e+000
1.211764e+003,5.680725e+000
1.212728e+003,5.783048e+000
1.213692e+003,5.795475e+000
1.214656e+003,5.707854e+000
1.215620e+003,5.467425e+000
1.216585e+003,5.086562e+000
1.217549e+003,4.633693e+000
1.218513e+003,4.084276e+000
1.219477e+003,3.486068e+000
1.220442e+003,3.093242e+000
1.221406e+003,3.070661e+000
1.222370e+003,3.470235e+000
1.223334e+003,4.097191e+000
1.224299e+003,4.603184e+000
1.225263e+003,4.838240e+000
1.226227e+003,4.940138e+000
1.227191e+003,5.235644e+000
1.228156e+003,5.849688e+000
1.229120e+003,6.766861e+000
1.230084e+003,7.940663e+000
1.231048e+003,9.114834e+000
1.232012e+003,1.000651e+001
1.232977e+003,1.058435e+001
1.233941e+003,1.102291e+001
1.234905e+003,1.124132e+001
1.235869e+003,1.120537e+001
1.236834e+003,1.096223e+001
1.237798e+003,1.062963e+001
1.238762e+003,1.030769e+001
1.239726e+003,1.012095e+001
1.240691e+003,9.868010e+000
1.241655e+003,9.402920e+000
1.242619e+003,9.016878e+000
1.243583e+003,9.071514e+000
1.244547e+003,9.411837e+000
1.245512e+003,9.626158e+000
1.246476e+003,9.617207e+000
1.247440e+003,9.537903e+000
1.248404e+003,9.495895e+000
1.249369e+003,9.647146e+000
1.250333e+003,9.940346e+000
1.251297e+003,1.035905e+001
1.252261e+003,1.093422e+001
1.253226e+003,1.150393e+001
1.254190e+003,1.167283e+001
1.255154e+003,1.154102e+001
1.256118e+003,1.153461e+001
1.257083e+003,1.168402e+001
1.258047e+003,1.181397e+001
1.259011e+003,1.180021e+001
1.259975e+003,1.179125e+001
1.260939e+003,1.192268e+001
1.261904e+003,1.220473e+001
1.262868e+003,1.229584e+001
1.263832e+003,1.196332e+001
1.264796e+003,1.145159e+001
1.265761e+003,1.113781e+001
1.266725e+003,1.103319e+001
1.267689e+003,1.094511e+001
1.268653e+003,1.079474e+001
1.269618e+003,1.056931e+001
1.270582e+003,1.031385e+001
1.271546e+003,1.022070e+001
1.272510e+003,1.032718e+001
1.273474e+003,1.067348e+001
1.274439e+003,1.131983e+001
1.275403e+003,1.217190e+001
1.276367e+003,1.271149e+001
1.277331e+003,1.276102e+001
1.278296e+003,1.269737e+001
1.279260e+003,1.283308e+001
1.280224e+003,1.312979e+001
1.281188e+003,1.345965e+001
1.282153e+003,1.379365e+001
1.283117e+003,1.412539e+001
1.284081e+003,1.443760e+001
1.285045e+003,1.473661e+001
1.286010e+003,1.509759e+001
1.286974e+003,1.548316e+001
1.287938e+003,1.553990e+001
1.288902e+003,1.512734e+001
1.289866e+003,1.437560e+001
1.290831e+003,1.357885e+001
1.291795e+003,1.277522e+001
1.292759e+003,1.167529e+001
1.293723e+003,1.050889e+001
1.294688e+003,9.689538e+000
1.295652e+003,9.353691e+000
1.296616e+003,9.265039e+000
1.297580e+003,9.201011e+000
1.298545e+003,9.306987e+000
1.299509e+003,9.614588e+000
1.300473e+003,9.711178e+000
1.301437e+003,9.189413e+000
1.302401e+003,8.341269e+000
1.303366e+003,7.755991e+000
1.304330e+003,7.478707e+000
1.305294e+003,7.057395e+000
1.306258e+003,6.339659e+000
1.307223e+003,5.826122e+000
1.308187e+003,5.818809e+000
1.309151e+003,6.011904e+000
1.310115e+003,5.892388e+000
1.311080e+003,5.472643e+000
1.312044e+003,5.283277e+000
1.313008e+003,5.638367e+000
1.313972e+003,6.026770e+000
1.314937e+003,6.087345e+000
1.315901e+003,6.015297e+000
1.316865e+003,6.181027e+000
1.317829e+003,6.558063e+000
1.318793e+003,6.935429e+000
1.319758e+003,7.231441e+000
1.320722e+003,7.334094e+000
1.321686e+003,7.118833e+000
1.322650e+003,6.600588e+000
1.323615e+003,6.108549e+000
1.324579e+003,5.922071e+000
1.325543e+003,6.165977e+000
1.326507e+003,6.669680e+000
1.327472e+003,6.798257e+000
1.328436e+003,6.306750e+000
1.329400e+003,5.754668e+000
1.330364e+003,5.611911e+000
1.331328e+003,5.841757e+000
1.332293e+003,6.218502e+000
1.333257e+003,6.530458e+000
1.334221e+003,6.257886e+000
1.335185e+003,5.310479e+000
1.336150e+003,4.374696e+000
1.337114e+003,3.999134e+000
1.338078e+003,3.997260e+000
1.339042e+003,4.040730e+000
1.340007e+003,3.937043e+000
1.340971e+003,3.531038e+000
1.341935e+003,2.888552e+000
1.342899e+003,2.630283e+000
1.343864e+003,2.966141e+000
1.344828e+003,3.713699e+000
1.345792e+003,4.690681e+000
1.346756e+003,5.620473e+000
1.347720e+003,6.139569e+000
1.348685e+003,6.359840e+000
1.349649e+003,6.498602e+000
1.350613e+003,6.526096e+000
1.351577e+003,6.461501e+000
1.352542e+003,6.369501e+000
1.353506e+003,6.256849e+000
1.354470e+003,6.061639e+000
1.355434e+003,5.898594e+000
1.356399e+003,5.980530e+000
1.357363e+003,6.362773e+000
1.358327e+003,6.945260e+000
1.359291e+003,7.615121e+000
1.360255e+003,8.211337e+000
1.361220e+003,8.615461e+000
1.362184e+003,8.680621e+000
1.363148e+003,8.209803e+000
1.364112e+003,7.376585e+000
1.365077e+003,6.868679e+000
1.366041e+003,6.979454e+000
1.367005e+003,7.431352e+000
1.367969e+003,7.934191e+000
1.368934e+003,8.465992e+000
1.369898e+003,9.070436e+000
1.370862e+003,9.721369e+000
1.371826e+003,1.037816e+001
1.372791e+003,1.099502e+001
1.373755e+003,1.147402e+001
1.374719e+003,1.176929e+001
1.375683e+003,1.176490e+001
1.376647e+003,1.142122e+001
1.377612e+003,1.104470e+001
1.378576e+003,1.108537e+001
1.379540e+003,1.149791e+001
1.380504e+003,1.207627e+001
1.381469e+003,1.273255e+001
1.382433e+003,1.325421e+001
1.383397e+003,1.345394e+001
1.384361e+003,1.334279e+001
1.385326e+003,1.299231e+001
1.386290e+003,1.245873e+001
1.387254e+003,1.181590e+001
1.388218e+003,1.109271e+001
1.389182e+003,1.016009e+001
1.390147e+003,8.996605e+000
1.391111e+003,7.974429e+000
1.392075e+003,7.332700e+000
1.393039e+003,7.266519e+000
1.394004e+003,7.942432e+000
1.394968e+003,9.003990e+000
1.395932e+003,9.509272e+000
1.396896e+003,9.243191e+000
1.397861e+003,8.765164e+000
1.398825e+003,8.526583e+000
1.399789e+003,8.467154e+000
1.400753e+003,8.308316e+000
1.401718e+003,8.010269e+000
1.402682e+003,7.644321e+000
1.403646e+003,7.263117e+000
1.404610e+003,6.959597e+000
1.405574e+003,6.729914e+000
1.406539e+003,6.476621e+000
1.407503e+003,6.071328e+000
1.408467e+003,5.460520e+000
1.409431e+003,4.691056e+000
1.410396e+003,4.217562e+000
1.411360e+003,4.378397e+000
1.412324e+003,5.031488e+000
1.413288e+003,5.734792e+000
1.414253e+003,6.315325e+000
1.415217e+003,6.945396e+000
1.416181e+003,7.567920e+000
1.417145e+003,8.225679e+000
1.418109e+003,8.940886e+000
1.419074e+003,9.566962e+000
1.420038e+003,9.746212e+000
1.421002e+003,9.556808e+000
1.421966e+003,9.571221e+000
1.422931e+003,9.993862e+000
1.423895e+003,1.053292e+001
1.424859e+003,1.093238e+001
1.425823e+003,1.102746e+001
1.426788e+003,1.055549e+001
1.427752e+003,9.795286e+000
1.428716e+003,9.299526e+000
1.429680e+003,9.308924e+000
1.430645e+003,9.706932e+000
1.431609e+003,1.022732e+001
1.432573e+003,1.065995e+001
1.433537e+003,1.089521e+001
1.434501e+003,1.113798e+001
1.435466e+003,1.165111e+001
1.436430e+003,1.235443e+001
1.437394e+003,1.309735e+001
1.438358e+003,1.368259e+001
1.439323e+003,1.378687e+001
1.440287e+003,1.326788e+001
1.441251e+003,1.286719e+001
1.442215e+003,1.300646e+001
1.443180e+003,1.340039e+001
1.444144e+003,1.357571e+001
1.445108e+003,1.345087e+001
1.446072e+003,1.298013e+001
1.447036e+003,1.221043e+001
1.448001e+003,1.143082e+001
1.448965e+003,1.082375e+001
1.449929e+003,1.034739e+001
1.450893e+003,9.868597e+000
1.451858e+003,9.346048e+000
1.452822e+003,8.818638e+000
1.453786e+003,8.316556e+000
1.454750e+003,8.029323e+000
1.455715e+003,7.938691e+000
1.456679e+003,8.081944e+000
1.457643e+003,8.454266e+000
1.458607e+003,8.998554e+000
1.459572e+003,9.656603e+000
1.460536e+003,1.036071e+001
1.461500e+003,1.083709e+001
1.462464e+003,1.129894e+001
1.463428e+003,1.219280e+001
1.464393e+003,1.357268e+001
1.465357e+003,1.502772e+001
1.466321e+003,1.615689e+001
1.467285e+003,1.693060e+001
1.468250e+003,1.735790e+001
1.469214e+003,1.736946e+001
1.470178e+003,1.690108e+001
1.471142e+003,1.604338e+001
1.472107e+003,1.505475e+001
1.473071e+003,1.392167e+001
1.474035e+003,1.237279e+001
1.474999e+003,1.040189e+001
1.475964e+003,8.792918e+000
1.476928e+003,7.961904e+000
1.477892e+003,7.459198e+000
1.478856e+003,6.730471e+000
1.479820e+003,5.849576e+000
1.480785e+003,5.089405e+000
1.481749e+003,4.576491e+000
1.482713e+003,4.634699e+000
1.483677e+003,5.230177e+000
1.484642e+003,5.970407e+000
1.485606e+003,6.338141e+000
1.486570e+003,6.521728e+000
1.487534e+003,6.721786e+000
1.488499e+003,6.842691e+000
1.489463e+003,6.766889e+000
1.490427e+003,6.394231e+000
1.491391e+003,5.605451e+000
1.492355e+003,4.518744e+000
1.493320e+003,3.504533e+000
1.494284e+003,2.827528e+000
1.495248e+003,2.631908e+000
1.496212e+003,2.812031e+000
1.497177e+003,3.127462e+000
1.498141e+003,3.245128e+000
1.499105e+003,3.232512e+000
1.500069e+003,3.730385e+000
1.501034e+003,4.679466e+000
1.501998e+003,5.522770e+000
1.502962e+003,6.059015e+000
1.503926e+003,6.502482e+000
1.504891e+003,7.090051e+000
1.505855e+003,7.740880e+000
1.506819e+003,8.217431e+000
1.507783e+003,8.475529e+000
1.508747e+003,8.446024e+000
1.509712e+003,8.081037e+000
1.510676e+003,7.528413e+000
1.511640e+003,6.820882e+000
1.512604e+003,6.293442e+000
1.513569e+003,6.093678e+000
1.514533e+003,5.987907e+000
1.515497e+003,5.611072e+000
1.516461e+003,5.244514e+000
1.517426e+003,5.259176e+000
1.518390e+003,5.630258e+000
1.519354e+003,6.031764e+000
1.520318e+003,6.312462e+000
1.521282e+003,6.556736e+000
1.522247e+003,6.715725e+000
1.523211e+003,6.651861e+000
1.524175e+003,6.267171e+000
1.525139e+003,5.831553e+000
1.526104e+003,5.748161e+000
1.527068e+003,5.776037e+000
1.528032e+003,5.532811e+000
1.528996e+003,4.940634e+000
1.529961e+003,4.292564e+000
1.530925e+003,3.751071e+000
1.531889e+003,3.552777e+000
1.532853e+003,3.793968e+000
1.533818e+003,4.378831e+000
1.534782e+003,5.135590e+000
1.535746e+003,6.078907e+000
1.536710e+003,7.307546e+000
1.537674e+003,8.690485e+000
1.538639e+003,1.001871e+001
1.539603e+003,1.114218e+001
1.540567e+003,1.186324e+001
1.541531e+003,1.209057e+001
1.542496e+003,1.174468e+001
1.543460e+003,1.088433e+001
1.544424e+003,9.834757e+000
1.545388e+003,9.082004e+000
1.546353e+003,8.729406e+000
1.547317e+003,8.763573e+000
1.548281e+003,9.292860e+000
1.549245e+003,1.044210e+001
1.550209e+003,1.216764e+001
1.551174e+003,1.406608e+001
1.552138e+003,1.594761e+001
1.553102e+003,1.762773e+001
1.554066e+003,1.920951e+001
1.555031e+003,2.185558e+001
1.555995e+003,2.679095e+001
1.556959e+003,3.416625e+001
1.557923e+003,4.364985e+001
1.558888e+003,5.519927e+001
1.559852e+003,6.889605e+001
1.560816e+003,8.411079e+001
1.561780e+003,9.944056e+001
1.562745e+003,1.133499e+002
1.563709e+003,1.239803e+002
1.564673e+003,1.297386e+002
1.565637e+003,1.300451e+002
1.566601e+003,1.248353e+002
1.567566e+003,1.153206e+002
1.568530e+003,1.036630e+002
1.569494e+003,9.107426e+001
1.570458e+003,7.760952e+001
1.571423e+003,6.413223e+001
1.572387e+003,5.240615e+001
1.573351e+003,4.356828e+001
1.574315e+003,3.724650e+001
1.575280e+003,3.234862e+001
1.576244e+003,2.910844e+001
1.577208e+003,2.748909e+001
1.578172e+003,2.675193e+001
1.579136e+003,2.605010e+001
1.580101e+003,2.519909e+001
1.581065e+003,2.479750e+001
1.582029e+003,2.492622e+001
1.582993e+003,2.519248e+001
1.583958e+003,2.525848e+001
1.584922e+003,2.531201e+001
1.585886e+003,2.558466e+001
1.586850e+003,2.582522e+001
1.587815e+003,2.571366e+001
1.588779e+003,2.531347e+001
1.589743e+003,2.540252e+001
1.590707e+003,2.592995e+001
1.591672e+003,2.630377e+001
1.592636e+003,2.622342e+001
1.593600e+003,2.603481e+001
1.594564e+003,2.607613e+001
1.595528e+003,2.622086e+001
1.596493e+003,2.629357e+001
1.597457e+003,2.614822e+001
1.598421e+003,2.567258e+001
1.599385e+003,2.473086e+001
1.600350e+003,2.314183e+001
1.601314e+003,2.104320e+001
1.602278e+003,1.871087e+001
1.603242e+003,1.642782e+001
1.604207e+003,1.457843e+001
1.605171e+003,1.342413e+001
1.606135e+003,1.311913e+001
1.607099e+003,1.351458e+001
1.608063e+003,1.410268e+001
1.609028e+003,1.423251e+001
1.609992e+003,1.416652e+001
1.610956e+003,1.421312e+001
1.611920e+003,1.422716e+001
1.612885e+003,1.391133e+001
1.613849e+003,1.322011e+001
1.614813e+003,1.250740e+001
1.615777e+003,1.190837e+001
1.616742e+003,1.134570e+001
1.617706e+003,1.079835e+001
1.618670e+003,1.045654e+001
1.619634e+003,1.047547e+001
1.620599e+003,1.060239e+001
1.621563e+003,1.038214e+001
1.622527e+003,9.642520e+000
1.623491e+003,8.936543e+000
1.624455e+003,8.401597e+000
1.625420e+003,7.855689e+000
1.626384e+003,7.280630e+000
1.627348e+003,6.861501e+000
1.628312e+003,6.749773e+000
1.629277e+003,6.783134e+000
1.630241e+003,6.815806e+000
1.631205e+003,7.062272e+000
1.632169e+003,7.761654e+000
1.633134e+003,8.593575e+000
1.634098e+003,9.024866e+000
1.635062e+003,9.135584e+000
1.636026e+003,9.104625e+000
1.636990e+003,8.833858e+000
1.637955e+003,8.156814e+000
1.638919e+003,7.136961e+000
1.639883e+003,6.106667e+000
1.640847e+003,5.292869e+000
1.641812e+003,4.801196e+000
1.642776e+003,4.666179e+000
1.643740e+003,5.042682e+000
1.644704e+003,6.120720e+000
1.645669e+003,7.176060e+000
1.646633e+003,7.193440e+000
1.647597e+003,6.190559e+000
1.648561e+003,5.283274e+000
1.649526e+003,4.851119e+000
1.650490e+003,4.640729e+000
1.651454e+003,4.371679e+000
1.652418e+003,4.009609e+000
1.653382e+003,3.720949e+000
1.654347e+003,3.698955e+000
1.655311e+003,4.033014e+000
1.656275e+003,4.761455e+000
1.657239e+003,5.900393e+000
1.658204e+003,7.066638e+000
1.659168e+003,7.520239e+000
1.660132e+003,7.108853e+000
1.661096e+003,6.364161e+000
1.662061e+003,5.700417e+000
1.663025e+003,4.881269e+000
1.663989e+003,3.948550e+000
1.664953e+003,3.291404e+000
1.665917e+003,3.011588e+000
1.666882e+003,2.749734e+000
1.667846e+003,2.325897e+000
1.668810e+003,2.048260e+000
1.669774e+003,2.144002e+000
1.670739e+003,2.520219e+000
1.671703e+003,2.812142e+000
1.672667e+003,2.948846e+000
1.673631e+003,2.925802e+000
1.674596e+003,2.811702e+000
1.675560e+003,2.748410e+000
1.676524e+003,2.768997e+000
1.677488e+003,2.792527e+000
1.678453e+003,2.993397e+000
1.679417e+003,3.331714e+000
1.680381e+003,3.436118e+000
1.681345e+003,3.411322e+000
1.682309e+003,3.803457e+000
1.683274e+003,4.455478e+000
1.684238e+003,5.040502e+000
1.685202e+003,5.491283e+000
1.686166e+003,6.064260e+000
1.687131e+003,6.822478e+000
1.688095e+003,7.710892e+000
1.689059e+003,8.572926e+000
1.690023e+003,9.014554e+000
1.690988e+003,8.635427e+000
1.691952e+003,7.692749e+000
1.692916e+003,6.632251e+000
1.693880e+003,5.751022e+000
1.694844e+003,5.206586e+000
1.695809e+003,5.022040e+000
1.696773e+003,5.012125e+000
1.697737e+003,5.193142e+000
1.698701e+003,5.692562e+000
1.699666e+003,6.375183e+000
1.700630e+003,6.716606e+000
1.701594e+003,6.703150e+000
1.702558e+003,6.917903e+000
1.703523e+003,7.335172e+000
1.704487e+003,7.269198e+000
1.705451e+003,6.305427e+000
1.706415e+003,4.866255e+000
1.707380e+003,3.377875e+000
1.708344e+003,2.268964e+000
1.709308e+003,1.807487e+000
1.710272e+003,1.790829e+000
1.711236e+003,1.892276e+000
1.712201e+003,1.999549e+000
1.713165e+003,1.952607e+000
1.714129e+003,1.643745e+000
1.715093e+003,1.406586e+000
1.716058e+003,1.631212e+000
1.717022e+003,1.977878e+000
1.717986e+003,1.854831e+000
1.718950e+003,1.198517e+000
1.719915e+003,4.663429e-001
1.720879e+003,0.000000e+000
1.721843e+003,1.083755e-001
1.722807e+003,7.831378e-001
1.723771e+003,1.661870e+000
1.724736e+003,2.426064e+000
1.725700e+003,2.983355e+000
1.726664e+003,3.404974e+000
1.727628e+003,3.707194e+000
1.728593e+003,3.873117e+000
1.729557e+003,4.084908e+000
1.730521e+003,4.442230e+000
1.731485e+003,4.647672e+000
1.732450e+003,4.475223e+000
1.733414e+003,4.150696e+000
1.734378e+003,4.027411e+000
1.735342e+003,3.956810e+000
1.736307e+003,3.852980e+000
1.737271e+003,3.761412e+000
1.738235e+003,3.658503e+000
1.739199e+003,3.425179e+000
1.740163e+003,3.169982e+000
1.741128e+003,2.890239e+000
1.742092e+003,2.481338e+000
1.743056e+003,2.033849e+000
1.744020e+003,1.836574e+000
1.744985e+003,1.853827e+000
1.745949e+003,1.972305e+000
1.746913e+003,2.198859e+000
1.747877e+003,2.477441e+000
1.748842e+003,2.615436e+000
1.749806e+003,2.810338e+000
1.750770e+003,3.239563e+000
1.751734e+003,3.737806e+000
1.752698e+003,3.851422e+000
1.753663e+003,3.824926e+000
1.754627e+003,3.964347e+000
1.755591e+003,4.100232e+000
1.756555e+003,4.118834e+000
1.757520e+003,4.273497e+000
1.758484e+003,4.662847e+000
1.759448e+003,5.166698e+000
1.760412e+003,5.827635e+000
1.761377e+003,6.556870e+000
1.762341e+003,6.913220e+000
1.763305e+003,6.856493e+000
1.764269e+003,6.780719e+000
1.765234e+003,6.789949e+000
1.766198e+003,6.782195e+000
1.767162e+003,7.012634e+000
1.768126e+003,7.280118e+000
1.769090e+003,7.078900e+000
1.770055e+003,6.423903e+000
1.771019e+003,5.812322e+000
1.771983e+003,5.549561e+000
1.772947e+003,5.530521e+000
1.773912e+003,5.572227e+000
1.774876e+003,5.319466e+000
1.775840e+003,4.639744e+000
1.776804e+003,4.180361e+000
1.777769e+003,4.433486e+000
1.778733e+003,5.022617e+000
1.779697e+003,5.481228e+000
1.780661e+003,5.679295e+000
1.781625e+003,5.580338e+000
1.782590e+003,5.342022e+000
1.783554e+003,5.173441e+000
1.784518e+003,5.260284e+000
1.785482e+003,5.738601e+000
1.786447e+003,6.340686e+000
1.787411e+003,6.775690e+000
1.788375e+003,7.042606e+000
1.789339e+003,7.349653e+000
1.790304e+003,7.722314e+000
1.791268e+003,7.679197e+000
1.792232e+003,7.096912e+000
1.793196e+003,6.277806e+000
1.794161e+003,5.479156e+000
1.795125e+003,4.864028e+000
1.796089e+003,4.575956e+000
1.797053e+003,4.579021e+000
1.798017e+003,4.838923e+000
1.798982e+003,5.148799e+000
1.799946e+003,4.983369e+000
1.800910e+003,4.798239e+000
1.801874e+003,4.958285e+000
1.802839e+003,5.113893e+000
1.803803e+003,4.694213e+000
1.804767e+003,3.952177e+000
1.805731e+003,3.697111e+000
1.806696e+003,4.051583e+000
1.807660e+003,4.800653e+000
1.808624e+003,5.702379e+000
1.809588e+003,6.435759e+000
1.810552e+003,6.849299e+000
1.811517e+003,6.995844e+000
1.812481e+003,6.890189e+000
1.813445e+003,6.646554e+000
1.814409e+003,6.733440e+000
1.815374e+003,6.821476e+000
1.816338e+003,6.393235e+000
1.817302e+003,5.483344e+000
1.818266e+003,4.693481e+000
1.819231e+003,4.376504e+000
1.820195e+003,4.255921e+000
1.821159e+003,3.972961e+000
1.822123e+003,3.271410e+000
1.823088e+003,2.303409e+000
1.824052e+003,1.458629e+000
1.825016e+003,1.045787e+000
1.825980e+003,1.146643e+000
1.826944e+003,1.609559e+000
1.827909e+003,2.169436e+000
1.828873e+003,2.636202e+000
1.829837e+003,2.993653e+000
1.830801e+003,3.264350e+000
1.831766e+003,3.456155e+000
1.832730e+003,3.673082e+000
1.833694e+003,3.875688e+000
1.834658e+003,3.847147e+000
1.835623e+003,3.633757e+000
1.836587e+003,3.549777e+000
1.837551e+003,3.603120e+000
1.838515e+003,3.783308e+000
1.839479e+003,4.054118e+000
1.840444e+003,4.267694e+000
1.841408e+003,4.481439e+000
1.842372e+003,4.995481e+000
1.843336e+003,5.528850e+000
1.844301e+003,5.804256e+000
1.845265e+003,5.882604e+000
1.846229e+003,5.980950e+000
1.847193e+003,6.321601e+000
1.848158e+003,7.101879e+000
1.849122e+003,8.016268e+000
1.850086e+003,8.509329e+000
1.851050e+003,8.293441e+000
1.852015e+003,7.580548e+000
1.852979e+003,6.682591e+000
1.853943e+003,5.999207e+000
1.854907e+003,5.844493e+000
1.855871e+003,6.019827e+000
1.856836e+003,5.990494e+000
1.857800e+003,5.853135e+000
1.858764e+003,5.893386e+000
1.859728e+003,5.938426e+000
1.860693e+003,5.687816e+000
1.861657e+003,5.502781e+000
1.862621e+003,5.245288e+000
1.863585e+003,4.756900e+000
1.864550e+003,4.251016e+000
1.865514e+003,4.024795e+000
1.866478e+003,4.213069e+000
1.867442e+003,4.933378e+000
1.868406e+003,6.076144e+000
1.869371e+003,7.268566e+000
1.870335e+003,8.311857e+000
1.871299e+003,9.144635e+000
1.872263e+003,9.531601e+000
1.873228e+003,9.151417e+000
1.874192e+003,8.146669e+000
1.875156e+003,7.176207e+000
1.876120e+003,6.350757e+000
1.877085e+003,5.611101e+000
1.878049e+003,4.915893e+000
1.879013e+003,4.309287e+000
1.879977e+003,4.080423e+000
1.880942e+003,4.380348e+000
1.881906e+003,5.025519e+000
1.882870e+003,5.637528e+000
1.883834e+003,6.230234e+000
1.884798e+003,6.898635e+000
1.885763e+003,7.495212e+000
1.886727e+003,7.867175e+000
1.887691e+003,7.954267e+000
1.888655e+003,7.624896e+000
1.889620e+003,7.155714e+000
1.890584e+003,6.833207e+000
1.891548e+003,6.681781e+000
1.892512e+003,6.679502e+000
1.893477e+003,6.950762e+000
1.894441e+003,7.336303e+000
1.895405e+003,7.610763e+000
1.896369e+003,7.739312e+000
1.897333e+003,7.939677e+000
1.898298e+003,8.121893e+000
1.899262e+003,8.097512e+000
1.900226e+003,7.886786e+000
1.901190e+003,7.572391e+000
1.902155e+003,7.295886e+000
1.903119e+003,7.354448e+000
1.904083e+003,7.517910e+000
1.905047e+003,7.397655e+000
1.906012e+003,6.974060e+000
1.906976e+003,6.367018e+000
1.907940e+003,5.747591e+000
1.908904e+003,5.250741e+000
1.909869e+003,4.961736e+000
1.910833e+003,4.955793e+000
1.911797e+003,5.237873e+000
1.912761e+003,5.836707e+000
1.913725e+003,6.672873e+000
1.914690e+003,7.508023e+000
1.915654e+003,8.337486e+000
1.916618e+003,9.189016e+000
1.917582e+003,9.521519e+000
1.918547e+003,8.983358e+000
1.919511e+003,7.917075e+000
1.920475e+003,6.882598e+000
1.921439e+003,6.149549e+000
1.922404e+003,5.748537e+000
1.923368e+003,5.638936e+000
1.924332e+003,5.699442e+000
1.925296e+003,5.864128e+000
1.926260e+003,6.183622e+000
1.927225e+003,6.582070e+000
1.928189e+003,6.995348e+000
1.929153e+003,7.516770e+000
1.930117e+003,7.680839e+000
1.931082e+003,6.952160e+000
1.932046e+003,5.712076e+000
1.933010e+003,4.793427e+000
1.933974e+003,4.378110e+000
1.934939e+003,4.270212e+000
1.935903e+003,4.562900e+000
1.936867e+003,5.362150e+000
1.937831e+003,6.196017e+000
1.938796e+003,6.771571e+000
1.939760e+003,7.227498e+000
1.940724e+003,7.581404e+000
1.941688e+003,7.812160e+000
1.942652e+003,7.923408e+000
1.943617e+003,7.387235e+000
1.944581e+003,6.318244e+000
1.945545e+003,5.425634e+000
1.946509e+003,5.196295e+000
1.947474e+003,5.336505e+000
1.948438e+003,5.733783e+000
1.949402e+003,6.520595e+000
1.950366e+003,7.559186e+000
1.951331e+003,8.215597e+000
1.952295e+003,8.172007e+000
1.953259e+003,7.797891e+000
1.954223e+003,7.488333e+000
1.955188e+003,7.366697e+000
1.956152e+003,7.237103e+000
1.957116e+003,6.675931e+000
1.958080e+003,5.700950e+000
1.959044e+003,4.853490e+000
1.960009e+003,4.746498e+000
1.960973e+003,5.190557e+000
1.961937e+003,5.435715e+000
1.962901e+003,5.393328e+000
1.963866e+003,5.550885e+000
1.964830e+003,6.125599e+000
1.965794e+003,6.256752e+000
1.966758e+003,5.940675e+000
1.967723e+003,5.844161e+000
1.968687e+003,6.281350e+000
1.969651e+003,6.738028e+000
1.970615e+003,6.986009e+000
1.971579e+003,7.321950e+000
1.972544e+003,8.148467e+000
1.973508e+003,9.353828e+000
1.974472e+003,1.017756e+001
1.975436e+003,1.020320e+001
1.976401e+003,9.862951e+000
1.977365e+003,9.602564e+000
1.978329e+003,9.157709e+000
1.979293e+003,7.789850e+000
1.980258e+003,5.962166e+000
1.981222e+003,4.589562e+000
1.982186e+003,3.989894e+000
1.983150e+003,3.682252e+000
1.984115e+003,3.598371e+000
1.985079e+003,4.123857e+000
1.986043e+003,5.245910e+000
1.987007e+003,6.388134e+000
1.987971e+003,7.049843e+000
1.988936e+003,7.522131e+000
1.989900e+003,8.038585e+000
1.990864e+003,8.446699e+000
1.991828e+003,8.366245e+000
1.992793e+003,7.917240e+000
1.993757e+003,5.720063e+000
1.994721e+003,7.080922e+000
1.995685e+003,8.781500e+000
1.996650e+003,7.946015e+000
1.997614e+003,6.559290e+000
1.998578e+003,8.622422e+000
1.999542e+003,1.131945e+001
